115680
115146
118169
115750
118368
115913
115722
115066
115111
115105
115665
115072
115461
116123
115145
115248
116382
115180
115145
115204
115118
115126
115559
115284
115649
115750
115092
115975
115041
115978
123828
115108
115091
115207
115671
115069
115110
115092
116261
115895
117399
115666
115095
115766
115503
116122
115734
115281
115342
115270
116112
115204
115212
115740
115121
118864
115291
115495
115496
115109
115086
115670
115940
115811
115029
115330
115748
115783
115227
115682
115741
115886
116586
115564
116383
115279
115324
115257
115582
115862
115136
115068
117141
116566
115342
116005
115928
115070
115578
115729
116253
115247
115082
115740
115764
115562
115079
115269
115171
115483
