1613
1629
1613
1617
1613
1609
1612
1613
1613
1610
1609
1661
1609
1777
1613
1613
1743
1616
1635
1614
1617
1693
1613
1609
1609
1613
1645
1613
1686
1613
1614
1613
1609
1617
1776
1613
1610
1750
1613
1613
1613
1610
1617
1611
1613
1610
1613
1613
1609
1613
1616
1610
1613
1613
1610
1619
1756
1719
1609
1613
1620
1658
1620
1613
1701
1609
1801
1610
1613
1624
1617
1635
1613
1617
1786
1613
1613
1626
1613
1613
1613
1613
1613
1610
1617
1613
1613
1636
1753
1787
1613
1609
1613
1616
1613
1626
1609
1685
1616
1613
