1218672
1164726
1224886
1219040
1221849
1216017
1198733
1219474
1215395
1226640
1220148
1217987
1218838
1215408
1217432
1218682
1220621
1217529
1219686
1217664
1216505
1234850
1222611
1218552
1219250
1221492
1218135
1217397
1223575
1216617
1222079
1218616
1220495
1219398
1224638
1213929
1214750
1215123
1223104
1214860
1217339
1214524
1211392
1220103
1215333
1220384
1236429
1224180
1219339
1215233
1220170
1215451
1220236
1224216
1218386
1215206
1221551
1218864
1220067
1211334
1215979
1227131
1212471
1220355
1221457
1223303
1219289
1221389
1220891
1231468
1218513
1209319
1219207
1228472
1227760
1222644
1219698
1210175
1216677
1216187
1218473
1217685
1218757
1077281
1222317
1217920
1225627
1073230
1086855
1234225
1218242
1243428
1225580
1238983
1130908
1218760
1214912
1216972
1217361
1234757
