116549
116369
115794
116311
116312
116667
116166
115904
115200
116596
115702
115101
115755
116212
115667
115360
115088
115555
115582
118514
116178
116796
115552
115848
115511
115638
117304
116031
115556
116171
115117
115754
116781
127914
115709
116056
115520
117002
115518
116404
116253
116488
116275
116554
115864
115836
116104
115779
115798
116865
116571
115596
116480
116126
116043
116812
115738
116291
115649
116653
115952
116127
116304
116486
118758
116733
116364
115791
115713
115133
115743
116095
115976
116323
115767
116064
116213
115421
115823
115621
115612
115817
115811
116778
115191
117030
115900
116075
115507
116305
115286
115109
116252
115191
115602
115795
115709
121691
115761
116028
