1386
1386
1383
1387
1383
1532
1382
1382
1471
1398
1386
1382
1386
1386
1596
1390
1386
1382
1382
1386
1387
1394
1568
1386
1442
1423
1390
1414
1390
1386
1382
1394
1388
1386
1387
1382
1545
1386
1434
1387
1454
1440
1386
1382
1383
1390
1502
1386
1405
1396
1403
1398
1398
1549
1385
1386
1386
1387
1386
1387
1390
1382
1497
1390
1387
1384
1383
1386
1397
1382
1480
1386
1382
1383
1396
1386
1383
1398
1499
1386
1383
1385
1548
1386
1386
1382
1392
1487
1411
1382
1382
1386
1395
1386
1538
1396
1387
1386
1386
1393
