20191
20355
20084
19918
20107
19891
20013
20134
20229
20202
20569
20416
20240
19876
19935
20332
19918
20133
20150
19917
20037
19988
20171
20107
20036
20303
19912
19828
20027
20133
19897
20039
20004
20003
20069
19954
19852
20014
20123
20127
20049
19891
19894
20051
20380
20620
20783
20412
20140
20005
20119
20115
20058
19990
20205
19905
20246
20351
19895
19890
19901
19864
20290
20431
19891
19879
20034
19925
20264
19922
20047
20098
20206
19854
19754
20590
19756
20391
20025
19905
20489
20094
20233
20630
20377
19891
19866
19910
19912
19870
19898
20155
19895
20250
19833
20760
19935
19931
19916
20094
