125657
125875
121794
126853
124773
121107
122085
127825
121153
124689
118883
125824
122136
119904
122808
122305
126414
124567
124976
126305
127431
123115
123476
121217
121473
122808
121271
121222
125127
125394
127918
124808
122121
125100
127848
121158
124977
123725
121123
121422
120424
127012
124349
120288
126079
130109
121615
116349
122879
126829
119870
122106
121204
124600
124222
133390
129592
121386
124661
121197
120971
130519
131463
121621
120963
120507
121337
119559
124759
121509
127670
128388
126232
125133
120009
121495
124386
124821
124896
125356
119775
121209
118104
124957
123784
123986
119619
128184
127064
124329
124238
128051
123933
123566
124238
121441
126462
123096
127307
124199
