4585
5815
4140
4505
3817
4019
1620
4862
5139
4720
2066
1634
3419
4796
2192
3546
4219
4366
4190
5093
4641
3721
2719
4420
4349
4456
4093
3709
4520
3852
5243
3697
3941
1801
5276
2809
5280
5378
4482
4107
4590
4190
4224
3796
4914
4213
3909
3659
4112
1783
4454
3979
2070
5616
4905
4425
4778
3801
5483
2206
1667
3708
2075
1668
3945
2007
2125
3953
5608
4728
1682
1616
1637
1651
1912
1718
4485
1777
3861
4148
4049
5656
5640
4123
4350
3975
4150
1824
4539
2479
2816
1691
5484
1715
3796
1637
5231
6082
1781
4336
