66881
66744
68796
70576
69672
72557
71945
73959
72864
77703
72297
71696
67414
67512
73674
73301
67100
70250
67568
73717
73410
69991
71169
69029
71148
67636
69430
73498
69276
70364
67738
68280
71157
71537
70615
70216
73612
72826
72393
67717
67851
68921
70909
72379
67990
70140
75130
77053
70665
75932
73060
67879
73791
68292
69932
72955
69716
70446
67643
70366
68269
67796
66882
71560
72571
72933
73287
70306
70775
69086
68600
70777
75911
67240
73041
70316
72003
70138
67261
67038
67394
76169
67365
68082
67530
70761
69870
69526
69938
68317
70122
72276
74520
67867
71223
73164
68505
68111
76626
73911
