5655
3653
3491
3467
3235
3536
3577
3692
3578
2867
3134
3313
3332
3524
3436
3431
3492
3580
3479
3375
3593
3480
3394
3565
3980
3393
3914
3674
3123
3112
3584
3489
3432
3639
3586
3568
3598
3574
3472
3583
3606
3323
3328
3582
3586
3600
3562
3472
3380
3279
3489
3271
3496
3472
3075
3585
3376
3485
3485
3415
3333
3594
3364
3605
3458
3480
3488
3589
3584
3283
3252
3504
3220
3520
3368
3507
3468
3493
3468
3296
3483
3475
3576
3578
3296
3464
3608
3560
3480
3384
3556
3504
3491
3384
3304
3648
3435
3423
3487
3488
