115914
115995
116950
115843
121997
115677
115761
115826
115836
115777
123428
121676
115759
121773
119316
115756
115894
119427
115879
115854
115629
116529
115670
115624
116135
116155
117322
115744
115836
115786
115651
116148
122336
118281
117495
116605
115947
115965
115593
116473
116018
115577
115585
116250
115518
116410
115796
116178
115780
121409
115558
116217
115971
115977
115410
115953
115880
116253
115520
120752
115889
115567
115745
115876
116114
115772
116093
115864
116192
115394
115943
115762
115744
115893
115862
117825
115753
115343
115655
115318
115888
115999
116196
116663
115380
115381
115836
115708
115959
116064
115772
115773
115782
115912
115345
115870
115688
115357
116095
115441
