1639
1702
1705
1612
1620
4021
1716
1640
1621
1637
4151
1620
1651
4354
1623
1650
1708
1623
1630
1634
1669
1994
1616
1620
1632
1620
1620
1617
1944
1620
1620
1691
1621
4365
1635
1634
1635
1861
1624
1743
1644
1620
4608
1619
1628
2398
3997
1993
1630
1623
1628
1642
1716
1620
1632
1833
1895
2151
1620
1759
1616
2029
1631
1626
1625
1621
1620
1620
1616
3955
2133
1631
1621
1622
1661
1792
1620
1694
1617
1617
1617
2654
1620
4138
1620
1618
1755
1626
1642
3933
1712
1619
1624
1620
1866
1654
1616
1622
1620
1617
