500639
499951
498229
500067
502999
499799
504452
503079
500847
500460
499917
500263
507549
498924
506769
500148
504259
506514
500044
500689
500633
500553
501086
500521
501683
501126
500458
502638
499549
499762
505938
498536
501559
501939
502144
502620
500460
500103
501538
499081
500812
505412
500876
500892
500272
500600
498875
500508
505647
497405
501407
499939
499732
500348
499598
498753
500229
501230
500484
498815
500299
498886
501355
499337
503990
501774
500237
502168
501816
499218
499214
502193
499054
499439
500880
499574
500849
500253
500754
500257
500455
499857
501107
501059
501986
501747
500500
500640
500266
500799
506632
503066
502931
505823
501739
500304
499715
499928
503871
504871
